0.25,-45.1875,-13.0625,0.46142142099600086,0.34797501961636945,0.00545415391248228
1.2159090909090908,-44.96590909090909,-13.517045454545455,0.528780221815157,0.04308781590861005,0.1014472627721704
1.0428719008264462,-45.00309917355372,-14.06663223140496,0.4584898132680416,0.09040260109939383,0.1775327098512982
1.9196562734785876,-45.184635612321564,-13.742392937640872,0.2656002513069105,0.2993307844094182,0.018612300226345774
3.3530966122532613,-44.88375964756506,-13.55558448876443,0.12829618761791325,0.2904933506480992,0.015050055952255786
4.428951465684783,-44.73523604324096,-13.505076807967663,0.08994986371408031,0.048791241699123744,0.004742557269213103
5.526319514258893,-44.4411236756736,-14.20347891633424,0.033373935832545984,0.024594292666881793,-0.06707437521473571
6.273926831144448,-44.40102152333964,-14.434980833031126,0.08338989873796988,0.18916073696085672,0.003963050018146903
7.271751664676771,-44.36456502121785,-13.690891666391932,0.0701782395309526,0.1939577225848483,-0.01393558961508489
8.843637876978882,-44.33142274656168,-13.29853787853812,0.018817925390824324,0.10892546072500495,-0.00799732295069664
9.528307160889891,-44.48879340596516,-13.044125344125565,0.0010234746531607702,0.09423864954246294,-0.008452361473639506
11.014370146263538,-44.64322127815015,-12.90375031284142,-5.05170970017644e-05,0.055952771593145045,-0.011793425017711908
11.60397286023958,-44.772246616500134,-12.707954829855836,0.002143773742241589,0.042782701781731124,-0.02602565358760311
12.139975327490527,-44.827042378636484,-12.569731663505307,0.046877307780284115,0.01708810307697207,-0.02061007097319879
12.553386661355024,-44.950720344214986,-12.336119694095732,0.03815776548707834,0.014997738872721964,-0.013548599360530295
13.792851510322748,-45.023382131104526,-12.231699721905212,0.06707010919830883,0.0033397809814421676,-0.005525418694787783
15.05600137302068,-45.08943830100411,-12.454954292641101,-0.13459323573441764,-0.02585676460882623,-0.05404957232030369
16.1418194300188,-43.842671182731,-14.084049356946457,-0.16394040448998357,0.049602473536281166,-0.07571647197573847
17.288017663653452,-42.81151925702818,-15.63890850631496,-0.13631798045306925,-0.02443008405883889,-0.04533363076559106
17.59706151241223,-41.24342659729834,-16.779689551195418,-0.22277528680566033,0.01958380664762268,-0.07736074667842743
18.46891955673839,-37.99402417936212,-18.94176322835947,-0.1738991574948481,0.09895453293356823,-0.06211117544318229
18.517199597034896,-33.94343107214738,-21.145921116690428,-0.35513550931540605,0.0033118988379065295,-0.028857381366819305
18.29404508821354,-29.34061915649762,-22.967882833354935,-0.43433957249100874,-0.002152106697180041,-0.01837054367762511
18.284359171103215,-24.105108324088746,-24.084438939413577,-0.30039286367521395,0.023475027974533456,-0.07404630849114802
19.201690155548377,-19.425098476444315,-24.97448994492143,-0.17702538563094228,0.05714888684639662,-0.059352639107098606
19.37085468686216,-15.034180433131194,-25.709763586292212,-0.10549826966079531,0.02268129565861303,-0.057877156415905545
20.12691335169287,-11.042436757391995,-26.315694169356554,-0.04203545564071697,0.01482931017896686,-0.04968014431128378
19.97901213790261,-7.413578870356359,-26.940403790324137,-0.03534449946927532,0.026666321284799642,0.0003735537626648952
20.45819285263874,-4.250980791233053,-27.67877617302194,-0.03196252851443877,0.01045497161675574,0.13281610539531807
21.393811684217034,-2.2565734465755023,-28.139796520929035,-0.053424327513233394,0.06238276783738961,0.3093242969814322
23.437556076560938,-1.3355213150686382,-28.69526956448094,-0.024251199288726433,0.028515660271226567,0.35689334733191835
25.204596433237217,-1.13456483188058,-29.177517785891762,-0.08963781572006269,0.04920293015707955,0.4719280745214002
26.600769484761106,-1.5371043926187093,-29.860243441719785,-0.02223159201206821,-0.012185187594530855,0.15596026886794334
26.79615407705555,-0.10759490238064484,-30.40703949247253,0.04659449137574329,0.08958129512003113,-0.20100697144675939
27.059003706414135,1.8340046341994138,-30.523444993156843,-0.026686070679242294,0.05900474047129994,-0.22111381405609093
26.934321551285578,3.8661405765449217,-30.839495448324403,0.11770283328074585,0.022436939703545832,-0.3630030244783026
26.883474137532342,6.213536887768111,-31.280223134840366,0.4826124528330282,-0.10725429673131248,-0.274706637619344
25.43952194321122,8.33616989797101,-31.686566486218513,0.32650733919363634,-0.04444330672610131,-0.45392127353682765
23.450701766555653,9.9419726345191,-32.59574226019865,0.3032399512587876,-0.10887251173245557,-0.4740677260084366
20.722228878686956,11.288156940471909,-33.274538418362404,0.18216048597048778,-0.12228783044733466,-0.5587180277462923
17.37816261698814,12.404006309519918,-33.795034925784,0.10225919482922749,-0.18061858160896216,-0.6808379086088687
13.673329651807398,13.282051190472652,-33.955713568894545,0.08105771925190644,-0.1758246751590905,-0.6379829253131128
9.680299683461271,13.142773809520593,-34.130194153540494,0.11942544399811433,-0.07623613646199862,-0.6426572267505513
6.072999712237519,12.22070346320054,-34.50472195776408,0.06611622117491195,-0.018725317263498888,-0.5998026445725306
3.7254542838522897,11.143821330182307,-34.95883814342189,0.04876904279431162,0.024407797135375907,-0.44330699873441926
1.7276857125929905,10.636428481983916,-35.37167103947445,0.08566416730807423,-0.057779599227595874,-0.21439781684557307
-0.7532402612790994,10.913798619985378,-35.61061003588586,0.043249632917998895,-0.10114873089300908,-0.02280826864837812
-2.610900237526454,11.69436238180489,-36.043736396259874,0.032437224688499175,-0.04913619399859363,0.07670524580841162
-3.8735456704785944,12.65396580164081,-36.363623996599884,0.08023299611931775,-0.04148817632455516,0.2249714594695147
-4.447541518616903,13.963832546946191,-36.643067269636255,0.021995669702112357,-0.007390562724118456,0.2134526566844907
-4.565946835106275,15.256893224496537,-36.800515699669326,0.0036794905822509077,-0.0047247989562165,0.3648929719270776
-4.639497122823886,16.796039294996852,-36.69933245424484,8.847761017809201,-0.0010892299565453487,0.4086600382792446
-4.308633748021714,18.320262995451685,-36.54484768567713,6.425563130030709,0.024272185530009475,0.5312061699037034
-2.7351215891106495,19.779784541319714,-36.1203160778883,4.881895117516578,-0.16669167848564218,0.6225703532307992
-0.6682923537369541,20.271395037563376,-36.08665097989845,3.612061245229469,-0.03502521930827403,0.4552013340112625
1.4265524056936782,20.71831367051216,-35.874228163544046,2.7521337498307115,-0.04563116087051761,0.6416521733905964
3.876411277903344,20.812103336829235,-35.54475287594913,2.205908314097573,-0.09612801755956209,0.669407440023586
6.103555707184858,19.834866669844757,-35.677048069044666,1.6997007130467825,-0.045097951302884284,0.5530519190993988
9.321414279258962,17.815787881677053,-35.4393618809497,1.2466866421358032,0.05453382990504972,0.7494012818553369
11.451285708417238,15.252988983342776,-35.37101080086336,0.6816695323670505,-0.11590655255507827,0.7504919790677654
12.614805189470216,12.485671803038887,-35.524782546239415,0.5611576575745008,-0.030206713726492994,0.6365000621193349
13.808913808609287,9.771065275489896,-35.66457504203583,0.460138151350748,-0.017200881382387463,0.5000097853263026
15.087648916917534,6.666877523172633,-35.68370458366893,0.3249232440368765,0.05200377052174853,0.5533581719328975
15.022862651743212,3.4528432028842118,-35.78064053060812,0.2925071105443738,-0.022629111319738368,0.47965035281258817
14.429875137948375,0.36053927534928354,-35.65285502782556,0.12529617791796102,-0.01860807966354846,0.39382622656245536
13.788522852680341,-2.4506461133188333,-35.718504570750504,0.12642434921774034,0.0015882789029131542,0.27437117735878475
13.966838956982128,-4.972178284835303,-35.81227688250046,0.14390564712564577,-0.040260360557680466,0.03969939638400316
13.867580869983753,-6.951980258941186,-36.011160802273146,0.09156677360678749,-0.03264963967887738,-0.009768068577494161
14.050073518167048,-8.55293659903744,-36.22605527479377,0.023405602731487687,-0.0015797833267324583,-0.05777697512358171
14.642112289242771,-9.746987817306763,-36.38732297708525,0.002555278789289496,-0.025183114709971373,-0.09214740885940269
15.481465717493426,-10.531352561187965,-36.38620270644113,-0.04798904920724573,-0.004161120468776376,-0.17573926563358058
16.937696106812204,-10.710320510170877,-36.74882064221921,-0.06026277181598044,0.019513898385219178,-0.2978834358602709
17.70472373346564,-10.27074591833716,-37.050064220199275,-0.1420083108085458,0.14226262534099973,-0.25450125419635217
18.64065793951422,-9.47340538030651,-37.25005838199934,-0.05060115550346599,0.04288336822970712,-0.3482282810223779
19.417643581376563,-8.413323073005918,-37.397780347272125,-0.03904169741009595,0.0256175414773016,-0.2821697033298402
19.925130528524146,-7.080293702732652,-37.66843667933829,0.07762014362708072,0.10402524944707564,-0.2203539237573518
20.22170957138559,-5.510494275211502,-37.925851526671174,0.04103452289599136,0.028113428786093873,-0.22417030507282248
19.991326883077807,-3.6856766138286376,-38.26781956970107,-0.25093115740771627,0.17380138113907423,-0.15776483637090052
19.71938807552528,-1.4187969216623977,-38.35710869972824,-0.1432015982778084,0.1128977433343624,-0.18950033583606912
18.83580734138662,1.0738209803069114,-38.478053363389314,-0.12103658348956199,0.0770374920232966,-0.31447651551149186
17.884824855806016,3.8000645275517373,-38.230048512172104,-0.09295909918216441,0.12977295066223854,-0.4952024051721513
15.508931687096378,6.051195025047034,-38.11822592015646,-0.14689560224824758,0.32258626958219705,-0.5325720519929649
13.61039244281489,7.824950022770031,-38.15861447286951,-0.039540408519540146,0.1854892091924562,-0.4995127632887735
10.856038584377172,9.147681838881846,-38.19533133897228,-0.03320050643276859,0.09139306016012219,-0.668613468349375
8.408898713070156,9.878574398983496,-37.9730284899748,0.01955097456215414,0.08408913377066615,-0.618178994989152
4.462635193700141,9.935067635439541,-37.31070771815891,0.15401686338553786,0.12006275871343944,-0.42981849198447386
1.147850176091037,9.548925123126855,-37.117688834689915,0.15914587883901163,0.21549260902217202,-0.42653820871676695
-0.7064998399172393,8.896750111933505,-37.294489849718104,0.020366515617705333,0.3416065358785442,-0.24436362484969565
-2.960454399924763,8.406136465394095,-37.52908168156191,-0.08480883758077085,0.2005725320015889,-0.20917994972156256
-4.935640363567966,7.460124059449177,-37.7423469832381,-0.07724201296678383,0.11770447552629801,-0.152248931465562
-6.827854875970878,6.566021872226524,-37.99304271203464,-0.09256538706935036,0.06973423334228375,-0.2480861771506115
-7.985549887246253,5.389565338387749,-37.99367519275876,-0.007519393395338893,0.19765387677436558,-0.14215869386747626
-8.73686353386023,3.854150307625226,-38.028341084326144,-0.038909883912646076,0.16378474623134867,-0.24379099129953652
-9.948285030782028,1.89013664329566,-37.997355531205585,0.007633125974770831,0.12011148271727037,-0.34755869163161723
-9.759804573438208,-0.33283032427667303,-37.78736866473235,-0.007365124908879349,0.1334441356421869,-0.17967483312335109
-10.406640521307462,-0.3991639311606119,-37.85215333157486,0.309180837068568,-0.3177050879645025,0.5508310219565092
-11.960582292097692,0.6143964262176256,-37.83718484688624,0.16425411928664574,-0.23664256979963216,-8.421242533275791
-12.43575662917972,2.0755876601978414,-37.76107713353294,0.23445532927962281,-0.0932152494018729,-6.183668667579148
-13.021142390163382,2.841443327452583,-38.089615575939035,0.0231251874102133,-0.11790799148124874,-4.64293294690122
-13.326038536512165,4.8274484795023485,-38.17805961449003,-0.15037134225117013,-0.09306702443654649,-3.4854722025234044
-12.341853215011058,7.468134981365772,-37.86641783135457,0.15692940428387112,-0.2868755940442046,-2.3634857796139928
-10.657366559100963,8.669895437605247,-38.355834392140515,-0.22346027401286325,-0.05671352437554322,-1.687529533675771
-8.37033323554633,9.31354130691386,-38.476894901945926,0.01784602751475009,-0.023172896892345324,-0.9692138851134164
-5.649166577769391,8.847537551739872,-38.086949910859936,0.1251946758419493,-0.18427678239121675,-0.5180163189869911
-2.3571968888812638,7.600034137945338,-38.101772646236306,-0.1294515958346874,-0.17175063335517857,-0.05635426597007248
0.3741391919261239,6.13071285267758,-38.12661149657846,-0.11754177404782411,-0.1536293753181783,0.05181845551276497
2.4821719926601125,4.493829866070527,-38.33101045143496,-0.09497402292647093,-0.14931049344164798,0.032864272330843214
4.807656356963738,3.130754423700479,-38.3009185922136,-0.061685747848009204,-0.07298566960698769,-0.08552570478400964
8.177414869967034,1.9313676579095265,-37.989471447466904,0.009368059021312353,-0.08119189868077982,-0.05378138615429089
11.377195336333667,0.7387433253722966,-37.462019497697185,-0.08760352611558328,-0.025714631275074167,-0.02806419331263304
13.115632123939697,-0.6465969769342758,-37.226835906997444,-0.15760513801201387,-0.04328425067122765,-0.02186626807134712
14.366483749036089,-1.9059972517584325,-37.22894173363404,-0.13456631524645724,0.01526065873079921,0.15295177792906445
14.33884886276008,-3.5963611379622114,-37.594492485121854,-0.2154619685969708,-0.03246044494738295,0.44250848358698336
13.796680784327346,-5.593282852692919,-37.84726589556532,-0.10460056806228829,-0.04698007244733867,0.47123499515415973
13.80380071302486,-7.937075320629926,-37.71342354142302,0.02926911372480881,-0.03223526968363875,0.0807185507415058
14.719364284568053,-9.295068473299933,-37.45538503765729,0.1348528212819898,-0.07599091443131073,-0.29043589121210533
16.18805844051641,-9.228471339363576,-37.294668216052074,0.15922635512942862,-0.00872392369801487,-0.39563233595600134
18.449371309560373,-7.656564853966887,-37.040607469138244,-0.044204851027396935,0.007365149703318662,-0.47371154642705104
19.169883008691247,-5.71051350360626,-37.07100679012568,-0.048697976921122196,-0.040836445978610386,-0.5319982465847142
19.535120916992042,-3.0777395487329637,-36.950915263750616,0.15409919655041404,0.009733404468411082,-0.48871951679886916
20.23079174272004,-0.2752177715754214,-36.80765023977329,0.10003005876223603,0.009481714916301223,-0.35072259125295324
20.351856129745492,1.9657111167496168,-36.67740930888481,0.3158234393077697,0.09383233339569416,-0.18095692705685662
20.371005572495903,4.24155556068147,-36.54764482625892,0.3214069651243026,0.05510261909182023,-0.1518074493344652
21.144095974996276,6.196868691528609,-36.50354075114447,0.3059596554017661,0.012965363973957315,-0.08249420200407578
21.11963270454207,8.042607901389644,-36.38958250104042,0.21719789524823946,0.012723807632333241,-0.07686957476238311
21.824666095038246,9.589870819445132,-36.35984772821857,0.21171309895289603,0.0008162094642782825,-0.05437968872429797
